330 16575 0.18
340 16541 0.2 
350 16619 0.2
360 16624 0.26
370 16721 0.3
380 17102 0.31
390 16870 0.38
400 17083 0.4
410 17030 0.42 
420 16935 0.42
430 17188 0.5
440 17284 0.51
450 17111 0.59
460 17098 0.62 
470 16992 0.67
480 17180 0.7
490 17284 0.75
500 16991 0.79
510 17365 0.81
520 17106 0.8
530 17124 0.86
540 17133 0.91
550 17269 0.98
560 17472 1
570 17424 1.01
580 17258 1.05
590 17540 1.08
600 17288 1.13
610 17405 1.15
620 17615 1.2
630 17807 1.3
640 17458 1.35
650 17745 1.37
660 17577 1.38
670 17772 1.4
680 18231 1.5
690 17956 1.53