#	Temperatur 1 (°C)	Temperatur 2 (°C)	Temperatur 3 (°C)	Temperatur 4 (°C)	Temperatur 5 (°C)	Temperatur 6 (°C)	Temperatur 7 (°C)	Temperatur 8 (°C)
1	28.70	29.06	29.13	28.49	29.44	29.78	29.92	28.81
2	28.70	29.07	29.16	28.49	29.45	29.82	29.92	28.81
3	28.70	29.16	29.28	28.49	29.45	30.05	29.92	28.80
4	28.70	29.34	29.51	28.49	29.49	30.37	29.95	28.80
5	28.71	29.57	29.78	28.50	29.56	30.74	30.01	28.79
6	28.72	29.83	30.08	28.52	29.67	31.11	30.10	28.79
7	28.76	30.10	30.39	28.57	29.81	31.47	30.22	28.79
8	28.81	30.37	30.68	28.62	29.97	31.82	30.37	28.78
9	28.87	30.63	30.99	28.68	30.13	32.14	30.53	28.78
10	28.95	30.89	31.28	28.76	30.31	32.45	30.70	28.78
11	29.02	31.14	31.56	28.85	30.49	32.73	30.89	28.77
12	29.12	31.38	31.82	28.95	30.68	33.01	31.08	28.77
13	29.22	31.62	32.08	29.04	30.87	33.27	31.27	28.77
14	29.32	31.84	32.33	29.15	31.07	33.52	31.48	28.77
15	29.42	32.05	32.56	29.26	31.26	33.76	31.66	28.77
16	29.53	32.25	32.78	29.38	31.46	33.98	31.86	28.77
17	29.64	32.44	32.98	29.49	31.65	34.20	32.05	28.77
18	29.75	32.63	33.19	29.60	31.84	34.41	32.25	28.77
19	29.87	32.80	33.37	29.72	32.03	34.61	32.43	28.77
20	29.99	32.98	33.56	29.84	32.22	34.81	32.61	28.78
21	30.10	33.14	33.73	29.96	32.41	35.00	32.79	28.79
22	30.22	33.30	33.90	30.07	32.59	35.17	32.97	28.79
23	30.33	33.46	34.05	30.19	32.77	35.35	33.14	28.80
24	30.45	33.60	34.19	30.30	32.96	35.52	33.29	28.81
25	30.57	33.74	34.33	30.42	33.13	35.69	33.46	28.82
26	30.68	33.88	34.47	30.54	33.31	35.84	33.61	28.83
27	30.80	34.01	34.61	30.65	33.47	36.00	33.76	28.85
28	30.91	34.13	34.73	30.76	33.64	36.15	33.91	28.86
29	31.02	34.25	34.86	30.88	33.80	36.30	34.05	28.88
30	31.13	34.37	34.98	30.98	33.96	36.44	34.19	28.89
31	31.25	34.49	35.09	31.09	34.12	36.58	34.32	28.91
32	31.35	34.60	35.20	31.20	34.27	36.71	34.45	28.94
33	31.46	34.71	35.31	31.31	34.42	36.84	34.58	28.96
34	31.57	34.82	35.41	31.41	34.57	36.97	34.70	28.98
35	31.68	34.92	35.51	31.52	34.72	37.10	34.82	29.00
36	31.79	35.03	35.60	31.62	34.86	37.22	34.93	29.03
37	31.89	35.12	35.69	31.72	35.00	37.33	35.04	29.05
38	32.00	35.22	35.78	31.82	35.14	37.45	35.15	29.08
39	32.10	35.31	35.86	31.92	35.27	37.56	35.25	29.10
40	32.20	35.40	35.95	32.01	35.40	37.67	35.34	29.13
41	32.30	35.49	36.03	32.11	35.53	37.78	35.45	29.16
42	32.40	35.57	36.11	32.20	35.65	37.88	35.54	29.19
43	32.50	35.66	36.19	32.29	35.78	37.98	35.63	29.22
44	32.60	35.74	36.26	32.39	35.90	38.08	35.72	29.25
45	32.69	35.82	36.33	32.48	36.01	38.17	35.80	29.28
46	32.78	35.90	36.40	32.56	36.12	38.26	35.88	29.31
47	32.87	35.97	36.48	32.65	36.23	38.35	35.97	29.34
48	32.97	36.05	36.54	32.73	36.35	38.45	36.05	29.37
49	33.06	36.12	36.60	32.81	36.45	38.54	36.12	29.41
50	33.15	36.20	36.67	32.89	36.55	38.62	36.20	29.44
51	33.24	36.27	36.73	32.98	36.65	38.70	36.27	29.47
52	33.33	36.34	36.79	33.06	36.76	38.78	36.34	29.50
53	33.41	36.35	36.77	33.13	36.85	38.72	36.41	29.54
54	33.49	36.27	36.62	33.21	36.93	38.52	36.45	29.57
55	33.57	36.13	36.42	33.28	36.96	38.26	36.47	29.60
56	33.65	35.93	36.18	33.33	36.97	37.98	36.47	29.63
57	33.70	35.74	35.93	33.37	36.94	37.71	36.42	29.66
58	33.74	35.53	35.68	33.40	36.89	37.45	36.36	29.70
59	33.76	35.33	35.43	33.41	36.82	37.21	36.27	29.73
60	33.77	35.13	35.19	33.40	36.74	36.98	36.16	29.77
61	33.77	34.94	34.95	33.39	36.65	36.77	36.05	29.79
62	33.76	34.76	34.75	33.36	36.56	36.55	35.92	29.83
63	33.74	34.58	34.53	33.33	36.46	36.37	35.79	29.86
64	33.71	34.42	34.34	33.29	36.35	36.19	35.66	29.89
65	33.69	34.27	34.16	33.25	36.24	36.02	35.52	29.93
66	33.65	34.13	33.99	33.20	36.13	35.85	35.39	29.95
67	33.61	33.99	33.83	33.15	36.02	35.71	35.25	29.99
68	33.57	33.86	33.68	33.09	35.92	35.56	35.11	30.01
69	33.53	33.74	33.54	33.04	35.80	35.42	34.99	30.04
70	33.49	33.62	33.41	32.98	35.69	35.29	34.85	30.06
71	33.45	33.52	33.28	32.93	35.59	35.16	34.72	30.09
72	33.40	33.42	33.17	32.87	35.47	35.04	34.61	30.12
73	33.35	33.32	33.05	32.81	35.37	34.93	34.48	30.14
74	33.31	33.23	32.95	32.76	35.25	34.82	34.37	30.16
75	33.26	33.15	32.85	32.70	35.15	34.71	34.25	30.17
76	33.21	33.07	32.76	32.64	35.05	34.60	34.14	30.19
77	33.17	32.99	32.68	32.58	34.95	34.50	34.04	30.22
78	33.11	32.91	32.59	32.53	34.85	34.40	33.94	30.23
79	33.07	32.85	32.51	32.47	34.75	34.31	33.84	30.24
80	33.01	32.79	32.45	32.42	34.65	34.22	33.75	30.26
81	32.97	32.72	32.38	32.37	34.56	34.14	33.66	30.27
82	32.93	32.66	32.31	32.31	34.46	34.05	33.57	30.28
83	32.88	32.61	32.25	32.25	34.37	33.97	33.48	30.29
84	32.83	32.55	32.19	32.20	34.29	33.90	33.41	30.30
85	32.79	32.50	32.14	32.15	34.20	33.82	33.33	30.30
86	32.74	32.45	32.09	32.10	34.11	33.74	33.26	30.31
87	32.70	32.40	32.04	32.05	34.04	33.68	33.19	30.32
88	32.65	32.35	31.99	32.00	33.95	33.61	33.11	30.32
89	32.61	32.31	31.95	31.96	33.88	33.55	33.05	30.31
90	32.57	32.27	31.90	31.91	33.80	33.48	32.99	30.32
91	32.52	32.24	31.87	31.87	33.72	33.42	32.93	30.32
92	32.48	32.19	31.83	31.83	33.65	33.36	32.87	30.32
93	32.44	32.15	31.79	31.78	33.58	33.31	32.82	30.32
94	32.40	32.12	31.75	31.74	33.52	33.25	32.76	30.33
95	32.36	32.08	31.73	31.69	33.45	33.19	32.72	30.33
96	32.32	32.05	31.69	31.65	33.39	33.14	32.66	30.32
97	32.28	32.02	31.66	31.61	33.32	33.09	32.62	30.32
98	32.24	31.99	31.62	31.55	33.26	33.05	32.57	30.31
99	32.21	31.96	31.59	31.52	33.19	32.99	32.52	30.30
100	32.17	31.92	31.57	31.49	33.13	32.95	32.49	30.30
101	32.13	31.90	31.55	31.45	33.07	32.89	32.45	30.30
102	32.10	31.86	31.52	31.42	33.02	32.86	32.41	30.29
103	32.06	31.88	31.56	31.38	32.97	32.94	32.38	30.29
104	32.03	32.00	31.72	31.35	32.94	33.18	32.36	30.29
105	32.00	32.18	31.95	31.32	32.94	33.49	32.37	30.28
106	31.98	32.41	32.22	31.30	32.98	33.83	32.41	30.28
107	31.98	32.65	32.50	31.30	33.05	34.15	32.48	30.27
108	31.99	32.89	32.79	31.31	33.15	34.46	32.58	30.26
109	32.01	33.14	33.07	31.34	33.27	34.76	32.70	30.26
110	32.05	33.38	33.34	31.38	33.39	35.04	32.83	30.25
111	32.10	33.61	33.59	31.41	33.53	35.30	32.98	30.23
112	32.15	33.84	33.84	31.47	33.67	35.54	33.14	30.22
113	32.22	34.05	34.08	31.53	33.82	35.77	33.30	30.21
114	32.29	34.25	34.30	31.58	33.97	35.99	33.46	30.18
115	32.36	34.46	34.50	31.63	34.12	36.20	33.61	30.15
116	32.44	34.63	34.68	31.67	34.28	36.41	33.76	30.11
117	32.53	34.82	34.88	31.76	34.42	36.59	33.93	30.10
118	32.62	34.98	35.07	31.87	34.58	36.77	34.11	30.12
119	32.70	35.14	35.26	31.97	34.73	36.95	34.29	30.13
120	32.78	35.29	35.43	32.07	34.88	37.11	34.46	30.15
121	32.88	35.44	35.59	32.17	35.03	37.27	34.62	30.16
122	32.96	35.57	35.74	32.26	35.18	37.42	34.77	30.17
123	33.05	35.70	35.88	32.35	35.33	37.57	34.93	30.17
124	33.15	35.83	36.02	32.45	35.48	37.72	35.08	30.18
125	33.24	35.96	36.15	32.55	35.62	37.86	35.22	30.19
126	33.33	36.07	36.27	32.63	35.76	37.99	35.36	30.19
127	33.42	36.19	36.39	32.73	35.90	38.12	35.49	30.20
128	33.51	36.30	36.50	32.82	36.04	38.24	35.62	30.21
129	33.60	36.40	36.61	32.91	36.17	38.37	35.74	30.22
130	33.69	36.50	36.70	33.00	36.30	38.49	35.86	30.23
131	33.78	36.60	36.81	33.08	36.43	38.60	35.99	30.25
132	33.86	36.70	36.90	33.18	36.56	38.71	36.09	30.26
133	33.95	36.78	36.99	33.26	36.68	38.82	36.20	30.28
134	34.04	36.88	37.08	33.35	36.80	38.93	36.31	30.29
135	34.13	36.96	37.17	33.43	36.93	39.04	36.41	30.30
136	34.21	37.05	37.24	33.51	37.04	39.13	36.51	30.32
137	34.29	37.13	37.32	33.59	37.16	39.24	36.60	30.34
138	34.37	37.21	37.39	33.67	37.26	39.33	36.69	30.36
139	34.46	37.28	37.46	33.74	37.37	39.43	36.78	30.37
140	34.54	37.36	37.53	33.82	37.48	39.51	36.87	30.40
141	34.62	37.43	37.60	33.90	37.59	39.60	36.95	30.41
142	34.70	37.51	37.67	33.98	37.69	39.69	37.03	30.43
143	34.78	37.58	37.73	34.05	37.79	39.77	37.11	30.46
144	34.86	37.64	37.80	34.13	37.89	39.85	37.19	30.49
145	34.94	37.71	37.86	34.20	37.99	39.93	37.27	30.50
146	35.01	37.78	37.92	34.27	38.08	40.01	37.34	30.53
147	35.08	37.83	37.98	34.33	38.16	40.08	37.41	30.56
148	35.15	37.90	38.03	34.40	38.26	40.16	37.48	30.58
149	35.23	37.96	38.08	34.47	38.34	40.23	37.54	30.60
150	35.30	38.02	38.13	34.53	38.43	40.30	37.60	30.63
151	35.37	38.08	38.19	34.60	38.51	40.36	37.66	30.65
152	35.44	38.14	38.23	34.66	38.59	40.43	37.72	30.68
153	35.51	38.15	38.23	34.73	38.67	40.38	37.78	30.71
154	35.58	38.07	38.09	34.79	38.73	40.19	37.83	30.74
155	35.64	37.91	37.89	34.85	38.76	39.92	37.84	30.77
156	35.69	37.72	37.64	34.89	38.74	39.63	37.83	30.79
157	35.73	37.50	37.37	34.92	38.71	39.34	37.78	30.82
158	35.75	37.28	37.10	34.92	38.64	39.07	37.70	30.83
159	35.76	37.06	36.83	34.90	38.55	38.81	37.60	30.86
160	35.76	36.85	36.59	34.89	38.46	38.56	37.49	30.89
161	35.74	36.65	36.35	34.87	38.36	38.33	37.37	30.92
162	35.72	36.44	36.12	34.83	38.24	38.11	37.25	30.95
163	35.68	36.26	35.90	34.79	38.13	37.91	37.11	30.98
164	35.64	36.09	35.70	34.75	38.01	37.72	36.97	31.00
165	35.60	35.92	35.50	34.68	37.89	37.53	36.83	31.03
166	35.55	35.76	35.32	34.62	37.77	37.36	36.68	31.06
167	35.49	35.61	35.15	34.56	37.64	37.19	36.54	31.07
168	35.44	35.47	34.99	34.49	37.52	37.03	36.40	31.10
169	35.38	35.34	34.84	34.42	37.39	36.88	36.26	31.12
170	35.32	35.21	34.69	34.36	37.27	36.74	36.12	31.14
171	35.26	35.09	34.56	34.29	37.15	36.60	35.99	31.16
172	35.20	34.98	34.43	34.22	37.02	36.47	35.85	31.18
173	35.14	34.87	34.31	34.15	36.90	36.34	35.73	31.20
174	35.08	34.77	34.20	34.08	36.79	36.22	35.60	31.21
175	35.02	34.68	34.09	34.02	36.67	36.10	35.48	31.22
176	34.96	34.58	33.99	33.95	36.55	35.99	35.37	31.24
177	34.90	34.50	33.89	33.88	36.44	35.87	35.26	31.25
178	34.83	34.41	33.80	33.81	36.33	35.77	35.14	31.26
179	34.78	34.33	33.72	33.75	36.22	35.67	35.04	31.26
180	34.72	34.25	33.64	33.67	36.11	35.57	34.94	31.27
181	34.66	34.18	33.56	33.61	36.01	35.47	34.84	31.28
182	34.60	34.11	33.49	33.55	35.90	35.38	34.75	31.28
183	34.54	34.05	33.42	33.49	35.80	35.29	34.66	31.29
184	34.48	33.98	33.36	33.42	35.71	35.20	34.57	31.29
185	34.42	33.92	33.29	33.36	35.60	35.12	34.48	31.30
186	34.36	33.86	33.24	33.30	35.51	35.04	34.41	31.29
187	34.31	33.81	33.17	33.24	35.42	34.96	34.32	31.30
188	34.25	33.76	33.13	33.18	35.33	34.88	34.25	31.30
189	34.20	33.70	33.07	33.14	35.24	34.81	34.18	31.30
190	34.14	33.65	33.03	33.08	35.15	34.74	34.12	31.30
191	34.09	33.61	32.98	33.02	35.07	34.67	34.05	31.30
192	34.04	33.56	32.94	32.97	34.98	34.60	33.99	31.29
193	33.99	33.51	32.90	32.91	34.91	34.54	33.92	31.28
194	33.94	33.47	32.86	32.86	34.83	34.47	33.87	31.28
195	33.88	33.43	32.81	32.81	34.76	34.41	33.81	31.27
196	33.83	33.38	32.77	32.76	34.68	34.36	33.76	31.26
197	33.79	33.35	32.74	32.72	34.61	34.30	33.70	31.26
198	33.74	33.31	32.71	32.68	34.54	34.25	33.65	31.25
199	33.69	33.28	32.68	32.63	34.47	34.19	33.60	31.25
200	33.65	33.24	32.64	32.59	34.40	34.14	33.56	31.25
201	33.60	33.20	32.61	32.54	34.34	34.09	33.52	31.23
202	33.56	33.17	32.59	32.50	34.28	34.04	33.47	31.23
203	33.51	33.16	32.60	32.46	34.22	34.08	33.43	31.22
204	33.47	33.25	32.72	32.41	34.17	34.28	33.40	31.20
205	33.43	33.41	32.93	32.36	34.16	34.58	33.39	31.18
206	33.40	33.62	33.19	32.35	34.19	34.90	33.43	31.17
207	33.38	33.85	33.47	32.34	34.25	35.22	33.49	31.17
208	33.38	34.08	33.75	32.34	34.33	35.53	33.58	31.16
209	33.40	34.33	34.03	32.36	34.44	35.81	33.69	31.15
210	33.42	34.56	34.30	32.40	34.55	36.09	33.82	31.14
211	33.46	34.79	34.56	32.44	34.68	36.35	33.96	31.13
212	33.51	35.01	34.81	32.49	34.82	36.59	34.11	31.12
213	33.56	35.22	35.04	32.56	34.96	36.82	34.28	31.11
214	33.62	35.42	35.28	32.62	35.10	37.04	34.44	31.11
215	33.69	35.61	35.49	32.70	35.24	37.24	34.60	31.10
216	33.76	35.79	35.70	32.78	35.39	37.44	34.77	31.09
217	33.83	35.96	35.89	32.86	35.54	37.63	34.93	31.09
218	33.91	36.13	36.07	32.95	35.69	37.81	35.10	31.08
219	33.99	36.29	36.25	33.03	35.84	37.98	35.26	31.08
220	34.07	36.44	36.42	33.12	35.98	38.15	35.42	31.08
221	34.16	36.57	36.56	33.20	36.13	38.31	35.58	31.07
222	34.24	36.72	36.69	33.25	36.27	38.46	35.70	31.04
223	34.32	36.85	36.82	33.34	36.42	38.61	35.84	31.03
224	34.40	36.97	36.97	33.43	36.56	38.75	36.00	31.04
225	34.49	37.09	37.10	33.53	36.70	38.88	36.14	31.04
226	34.57	37.20	37.22	33.61	36.83	39.02	36.28	31.06
227	34.66	37.32	37.34	33.70	36.97	39.15	36.41	31.06
228	34.74	37.42	37.45	33.78	37.10	39.27	36.54	31.06
229	34.83	37.52	37.56	33.87	37.23	39.39	36.66	31.07
230	34.91	37.61	37.66	33.96	37.35	39.51	36.78	31.08
231	34.99	37.71	37.76	34.04	37.48	39.62	36.90	31.09
232	35.07	37.80	37.85	34.12	37.60	39.73	37.02	31.11
233	35.15	37.89	37.94	34.20	37.72	39.83	37.13	31.12
234	35.24	37.98	38.02	34.28	37.84	39.93	37.23	31.13
235	35.32	38.06	38.11	34.36	37.95	40.03	37.33	31.15
236	35.39	38.14	38.18	34.44	38.07	40.13	37.42	31.16
237	35.47	38.21	38.26	34.52	38.17	40.22	37.52	31.18
238	35.55	38.29	38.33	34.60	38.28	40.32	37.61	31.20
239	35.62	38.36	38.40	34.67	38.39	40.41	37.70	31.22
240	35.70	38.44	38.47	34.75	38.50	40.49	37.78	31.23
241	35.78	38.50	38.54	34.83	38.60	40.58	37.87	31.25
242	35.85	38.57	38.60	34.90	38.69	40.66	37.95	31.27
243	35.92	38.64	38.66	34.97	38.79	40.75	38.02	31.29
244	36.00	38.71	38.72	35.04	38.89	40.82	38.10	31.31
245	36.07	38.77	38.78	35.11	38.98	40.90	38.17	31.33
246	36.14	38.83	38.84	35.17	39.07	40.97	38.24	31.36
247	36.21	38.89	38.89	35.24	39.16	41.05	38.31	31.38
248	36.28	38.94	38.94	35.31	39.24	41.11	38.37	31.40
249	36.35	39.00	39.00	35.37	39.33	41.18	38.44	31.43
250	36.42	39.06	39.05	35.44	39.41	41.24	38.50	31.45
251	36.49	39.11	39.10	35.50	39.49	41.31	38.56	31.48
252	36.55	39.16	39.15	35.57	39.57	41.38	38.61	31.50
253	36.61	39.19	39.15	35.63	39.64	41.36	38.67	31.53
254	36.67	39.12	39.03	35.68	39.70	41.19	38.72	31.55
255	36.73	38.98	38.84	35.73	39.73	40.93	38.74	31.57
256	36.79	38.78	38.60	35.78	39.73	40.64	38.73	31.60
257	36.82	38.57	38.34	35.80	39.68	40.36	38.68	31.63
258	36.84	38.35	38.07	35.81	39.63	40.08	38.61	31.65
259	36.84	38.13	37.81	35.80	39.55	39.82	38.52	31.67
260	36.84	37.92	37.56	35.79	39.45	39.57	38.41	31.69
261	36.82	37.71	37.31	35.76	39.35	39.34	38.29	31.72
262	36.79	37.52	37.08	35.73	39.24	39.12	38.16	31.75
263	36.76	37.32	36.86	35.67	39.12	38.91	38.02	31.77
264	36.71	37.15	36.65	35.62	39.00	38.72	37.89	31.80
265	36.67	36.98	36.46	35.57	38.88	38.53	37.74	31.82
266	36.61	36.81	36.28	35.51	38.76	38.36	37.60	31.84
267	36.56	36.66	36.10	35.44	38.63	38.19	37.45	31.86
268	36.51	36.52	35.94	35.37	38.51	38.03	37.30	31.88
269	36.44	36.39	35.79	35.31	38.38	37.88	37.17	31.90
270	36.38	36.26	35.64	35.24	38.25	37.73	37.03	31.92
271	36.32	36.13	35.50	35.17	38.13	37.59	36.89	31.94
272	36.26	36.02	35.37	35.09	38.01	37.45	36.76	31.96
273	36.20	35.90	35.25	35.03	37.89	37.32	36.63	31.98
274	36.13	35.80	35.13	34.95	37.76	37.19	36.50	31.99
275	36.07	35.70	35.02	34.89	37.64	37.08	36.38	32.01
276	36.00	35.61	34.92	34.81	37.53	36.96	36.26	32.01
277	35.93	35.52	34.82	34.74	37.41	36.85	36.15	32.02
278	35.87	35.43	34.72	34.66	37.30	36.75	36.04	32.03
279	35.81	35.35	34.64	34.60	37.19	36.64	35.93	32.03
280	35.74	35.27	34.56	34.53	37.08	36.54	35.83	32.04
281	35.68	35.20	34.48	34.47	36.97	36.44	35.73	32.05
282	35.62	35.12	34.41	34.39	36.86	36.34	35.63	32.06
283	35.56	35.05	34.33	34.33	36.76	36.25	35.54	32.06
284	35.50	34.99	34.27	34.27	36.66	36.16	35.45	32.06
285	35.44	34.92	34.20	34.21	36.56	36.07	35.36	32.06
286	35.38	34.86	34.14	34.14	36.46	35.99	35.29	32.06
287	35.32	34.80	34.08	34.09	36.37	35.90	35.20	32.06
288	35.26	34.74	34.02	34.03	36.27	35.83	35.13	32.06
289	35.20	34.69	33.97	33.97	36.18	35.75	35.05	32.06
290	35.14	34.62	33.92	33.92	36.09	35.67	34.98	32.06
291	35.09	34.58	33.86	33.86	36.01	35.60	34.91	32.06
292	35.03	34.53	33.82	33.80	35.92	35.54	34.85	32.05
293	34.98	34.48	33.77	33.75	35.84	35.47	34.78	32.04
294	34.92	34.44	33.73	33.70	35.77	35.40	34.72	32.03
295	34.87	34.39	33.69	33.64	35.69	35.34	34.67	32.03
296	34.82	34.34	33.65	33.60	35.61	35.28	34.61	32.02
297	34.76	34.30	33.60	33.54	35.54	35.21	34.55	32.01
298	34.71	34.26	33.57	33.50	35.46	35.16	34.50	32.01
299	34.66	34.22	33.53	33.45	35.39	35.09	34.45	32.00
300	34.61	34.18	33.50	33.40	35.33	35.04	34.40	31.99
301	34.56	34.14	33.46	33.35	35.26	34.99	34.35	31.97
302	34.51	34.10	33.43	33.31	35.19	34.94	34.31	31.97
303	34.47	34.10	33.46	33.26	35.12	34.99	34.26	31.96
304	34.42	34.20	33.59	33.22	35.09	35.21	34.23	31.95
305	34.38	34.36	33.81	33.18	35.07	35.51	34.23	31.94
306	34.34	34.57	34.07	33.16	35.10	35.83	34.26	31.92
307	34.33	34.80	34.34	33.15	35.16	36.15	34.33	31.91
308	34.33	35.03	34.62	33.15	35.25	36.44	34.42	31.90
309	34.34	35.27	34.89	33.18	35.35	36.73	34.53	31.89
310	34.36	35.51	35.16	33.20	35.46	37.00	34.66	31.88
311	34.40	35.72	35.40	33.23	35.60	37.25	34.80	31.85
312	34.44	35.94	35.62	33.24	35.72	37.49	34.93	31.81
313	34.49	36.14	35.84	33.28	35.86	37.72	35.07	31.78
314	34.54	36.33	36.07	33.35	36.00	37.93	35.24	31.77
315	34.61	36.51	36.28	33.43	36.14	38.13	35.41	31.77
316	34.68	36.69	36.49	33.50	36.28	38.32	35.57	31.76
317	34.75	36.86	36.68	33.59	36.42	38.50	35.74	31.76
318	34.82	37.02	36.87	33.68	36.57	38.68	35.91	31.77
319	34.90	37.17	37.04	33.76	36.71	38.84	36.07	31.77
320	34.98	37.31	37.19	33.85	36.85	39.00	36.22	31.76
321	35.06	37.45	37.34	33.93	36.99	39.15	36.38	31.77
322	35.14	37.58	37.49	34.02	37.13	39.30	36.53	31.77
323	35.22	37.71	37.63	34.11	37.27	39.44	36.68	31.76
324	35.30	37.83	37.76	34.19	37.41	39.58	36.82	31.77
325	35.38	37.94	37.88	34.28	37.55	39.71	36.95	31.77
326	35.46	38.05	38.00	34.37	37.67	39.83	37.09	31.76
327	35.54	38.15	38.10	34.44	37.80	39.96	37.21	31.77
328	35.62	38.26	38.20	34.52	37.94	40.08	37.32	31.77
329	35.70	38.36	38.31	34.61	38.06	40.20	37.44	31.77
330	35.78	38.45	38.41	34.69	38.18	40.31	37.56	31.78
331	35.85	38.54	38.50	34.78	38.30	40.41	37.67	31.79
332	35.94	38.63	38.59	34.85	38.42	40.52	37.78	31.80
333	36.02	38.72	38.66	34.93	38.54	40.62	37.89	31.81
334	36.09	38.80	38.76	35.01	38.65	40.72	37.99	31.82
335	36.17	38.88	38.84	35.08	38.76	40.81	38.09	31.83
336	36.25	38.95	38.92	35.17	38.87	40.91	38.18	31.84
337	36.32	39.03	38.99	35.24	38.97	41.00	38.28	31.86
338	36.39	39.10	39.07	35.32	39.08	41.08	38.36	31.88
339	36.47	39.17	39.13	35.40	39.18	41.17	38.45	31.90
340	36.54	39.24	39.20	35.47	39.28	41.25	38.53	31.91
341	36.61	39.30	39.26	35.53	39.38	41.34	38.62	31.93
342	36.68	39.37	39.32	35.61	39.47	41.41	38.70	31.95
343	36.75	39.43	39.38	35.68	39.57	41.49	38.77	31.97
344	36.82	39.49	39.44	35.75	39.66	41.57	38.84	31.99
345	36.89	39.55	39.50	35.82	39.74	41.64	38.91	32.01
346	36.95	39.61	39.55	35.89	39.84	41.71	38.98	32.03
347	37.02	39.66	39.60	35.95	39.92	41.78	39.04	32.05
348	37.09	39.72	39.65	36.02	40.00	41.85	39.10	32.07
349	37.15	39.77	39.70	36.07	40.08	41.92	39.16	32.10
350	37.21	39.83	39.75	36.14	40.16	41.98	39.22	32.12
351	37.28	39.88	39.80	36.20	40.24	42.04	39.28	32.14
352	37.34	39.93	39.84	36.26	40.31	42.10	39.34	32.17
353	37.40	39.95	39.85	36.32	40.38	42.10	39.39	32.19
354	37.46	39.89	39.75	36.38	40.44	41.93	39.44	32.21
355	37.51	39.75	39.55	36.43	40.48	41.68	39.46	32.24
356	37.56	39.56	39.30	36.48	40.47	41.39	39.44	32.26
357	37.60	39.34	39.05	36.50	40.43	41.10	39.40	32.29
358	37.61	39.12	38.78	36.52	40.37	40.82	39.33	32.31
359	37.62	38.89	38.51	36.52	40.28	40.55	39.23	32.33
360	37.61	38.68	38.26	36.50	40.19	40.30	39.12	32.36
361	37.59	38.47	38.01	36.47	40.09	40.06	39.01	32.38
362	37.56	38.27	37.78	36.44	39.98	39.84	38.87	32.41
363	37.53	38.08	37.56	36.39	39.86	39.64	38.73	32.43
364	37.48	37.90	37.35	36.34	39.73	39.44	38.59	32.45
365	37.43	37.72	37.15	36.27	39.61	39.25	38.45	32.48
366	37.38	37.56	36.97	36.22	39.48	39.07	38.30	32.49
367	37.32	37.40	36.80	36.15	39.36	38.90	38.15	32.51
368	37.26	37.26	36.63	36.09	39.23	38.74	38.00	32.54
369	37.20	37.12	36.47	36.01	39.10	38.58	37.86	32.56
370	37.14	36.99	36.33	35.94	38.97	38.43	37.72	32.58
371	37.07	36.86	36.19	35.87	38.85	38.29	37.58	32.60
372	37.01	36.74	36.06	35.80	38.72	38.15	37.44	32.61
373	36.94	36.63	35.93	35.73	38.60	38.02	37.31	32.62
374	36.88	36.53	35.82	35.66	38.47	37.90	37.19	32.64
375	36.81	36.43	35.71	35.59	38.35	37.77	37.06	32.66
376	36.75	36.33	35.61	35.52	38.23	37.65	36.95	32.67
377	36.68	36.24	35.51	35.46	38.11	37.54	36.83	32.68
378	36.61	36.14	35.41	35.38	38.00	37.43	36.72	32.68
379	36.54	36.06	35.33	35.32	37.89	37.33	36.61	32.70
380	36.48	35.98	35.25	35.24	37.77	37.22	36.51	32.70
381	36.41	35.91	35.17	35.18	37.66	37.13	36.41	32.70
382	36.35	35.83	35.09	35.11	37.55	37.03	36.31	32.71
383	36.28	35.76	35.02	35.05	37.45	36.94	36.22	32.71
384	36.22	35.69	34.95	34.99	37.35	36.85	36.13	32.71
385	36.16	35.63	34.89	34.92	37.25	36.76	36.04	32.71
386	36.10	35.57	34.83	34.86	37.15	36.67	35.96	32.71
387	36.03	35.51	34.77	34.80	37.06	36.59	35.87	32.71
388	35.98	35.46	34.71	34.74	36.97	36.51	35.80	32.71
389	35.91	35.40	34.66	34.68	36.87	36.44	35.72	32.71
390	35.85	35.34	34.61	34.62	36.79	36.36	35.66	32.70
391	35.80	35.29	34.56	34.57	36.70	36.29	35.58	32.70
392	35.74	35.24	34.51	34.52	36.61	36.22	35.52	32.70
393	35.68	35.19	34.47	34.46	36.53	36.16	35.46	32.69
394	35.63	35.14	34.43	34.40	36.45	36.09	35.39	32.68
395	35.57	35.10	34.38	34.35	36.37	36.03	35.33	32.68
396	35.52	35.05	34.34	34.30	36.30	35.96	35.28	32.67
397	35.46	35.01	34.30	34.25	36.22	35.90	35.23	32.66
398	35.42	34.96	34.27	34.21	36.15	35.84	35.17	32.66
399	35.37	34.92	34.23	34.15	36.08	35.79	35.12	32.64
400	35.31	34.88	34.19	34.11	36.01	35.73	35.07	32.63
401	35.26	34.84	34.16	34.07	35.94	35.68	35.02	32.62
402	35.21	34.81	34.13	34.02	35.87	35.63	34.98	32.62
403	35.17	34.78	34.12	33.98	35.81	35.62	34.93	32.60
404	35.12	34.84	34.22	33.93	35.76	35.78	34.90	32.58
405	35.07	34.98	34.40	33.90	35.73	36.06	34.88	32.58
406	35.04	35.17	34.65	33.86	35.75	36.37	34.90	32.57
407	35.02	35.40	34.92	33.85	35.79	36.68	34.96	32.57
408	35.01	35.63	35.20	33.85	35.87	36.99	35.04	32.55
409	35.01	35.86	35.47	33.86	35.96	37.28	35.14	32.54
410	35.03	36.09	35.75	33.89	36.07	37.56	35.27	32.53
411	35.06	36.32	36.00	33.93	36.20	37.82	35.41	32.52
412	35.10	36.53	36.25	33.97	36.33	38.06	35.56	32.51
413	35.15	36.74	36.49	34.03	36.46	38.29	35.71	32.50
414	35.20	36.94	36.72	34.10	36.60	38.50	35.87	32.49
415	35.27	37.13	36.93	34.17	36.74	38.71	36.03	32.48
416	35.33	37.31	37.14	34.25	36.88	38.90	36.20	32.47
417	35.40	37.48	37.33	34.32	37.02	39.09	36.36	32.47
418	35.46	37.64	37.52	34.40	37.17	39.27	36.52	32.46
419	35.54	37.80	37.69	34.48	37.31	39.44	36.68	32.45
420	35.62	37.95	37.86	34.57	37.46	39.61	36.84	32.45
421	35.70	38.09	38.01	34.66	37.60	39.76	36.99	32.44
422	35.77	38.22	38.15	34.74	37.74	39.91	37.14	32.44
423	35.85	38.35	38.30	34.83	37.88	40.06	37.29	32.44
424	35.93	38.47	38.43	34.92	38.02	40.20	37.43	32.43
425	36.01	38.59	38.56	35.00	38.15	40.33	37.57	32.44
426	36.09	38.70	38.69	35.09	38.29	40.46	37.71	32.44
427	36.17	38.81	38.80	35.17	38.42	40.59	37.84	32.44
428	36.25	38.92	38.91	35.26	38.55	40.71	37.97	32.45
429	36.33	39.01	39.02	35.34	38.67	40.83	38.09	32.45
430	36.41	39.11	39.12	35.43	38.80	40.94	38.20	32.46
431	36.49	39.20	39.21	35.51	38.92	41.05	38.32	32.47
432	36.57	39.29	39.29	35.56	39.04	41.16	38.42	32.46
433	36.65	39.38	39.37	35.64	39.16	41.27	38.51	32.46
434	36.73	39.46	39.45	35.71	39.27	41.37	38.61	32.47
435	36.80	39.54	39.53	35.78	39.39	41.47	38.72	32.48
436	36.88	39.62	39.61	35.85	39.49	41.56	38.81	32.49
437	36.95	39.69	39.69	35.93	39.60	41.66	38.91	32.52
438	37.03	39.77	39.76	36.01	39.71	41.75	39.00	32.53
439	37.10	39.84	39.83	36.08	39.81	41.83	39.09	32.55
440	37.17	39.91	39.90	36.16	39.91	41.91	39.18	32.57
441	37.25	39.97	39.97	36.23	40.01	41.99	39.26	32.59
442	37.32	40.04	40.03	36.30	40.11	42.08	39.33	32.61
443	37.38	40.10	40.08	36.37	40.20	42.15	39.42	32.63
444	37.45	40.16	40.14	36.44	40.29	42.23	39.49	32.65
445	37.53	40.22	40.20	36.50	40.38	42.30	39.56	32.68
446	37.59	40.27	40.25	36.56	40.46	42.37	39.63	32.69
447	37.66	40.33	40.30	36.63	40.55	42.44	39.69	32.72
448	37.72	40.39	40.35	36.69	40.64	42.51	39.76	32.74
449	37.79	40.44	40.40	36.76	40.71	42.57	39.82	32.76
450	37.85	40.49	40.45	36.82	40.80	42.63	39.88	32.78
451	37.91	40.54	40.49	36.88	40.87	42.70	39.94	32.81
452	37.98	40.59	40.54	36.94	40.95	42.76	40.00	32.83
453	38.04	40.63	40.57	37.00	41.02	42.78	40.05	32.86
454	38.10	40.58	40.48	37.06	41.08	42.65	40.10	32.88
455	38.16	40.46	40.28	37.08	41.12	42.40	40.11	32.89
456	38.20	40.28	40.06	37.13	41.12	42.12	40.11	32.91
457	38.24	40.07	39.80	37.17	41.09	41.83	40.08	32.94
458	38.26	39.84	39.54	37.18	41.03	41.55	40.02	32.96
459	38.27	39.62	39.27	37.18	40.95	41.28	39.93	32.99
460	38.26	39.41	39.02	37.16	40.86	41.03	39.82	33.01
461	38.25	39.20	38.77	37.14	40.75	40.78	39.70	33.04
462	38.22	38.99	38.54	37.10	40.64	40.56	39.57	33.06
463	38.18	38.80	38.31	37.04	40.53	40.35	39.44	33.08
464	38.14	38.61	38.10	36.99	40.41	40.15	39.30	33.10
465	38.09	38.44	37.90	36.93	40.28	39.96	39.15	33.12
466	38.04	38.27	37.71	36.87	40.16	39.78	39.01	33.15
467	37.98	38.12	37.53	36.81	40.03	39.61	38.86	33.17
468	37.92	37.97	37.35	36.72	39.90	39.44	38.71	33.18
469	37.86	37.83	37.18	36.62	39.77	39.28	38.55	33.18
470	37.80	37.70	36.99	36.46	39.65	39.14	38.37	33.13
471	37.73	37.57	36.81	36.31	39.52	38.99	38.18	33.05
472	37.67	37.45	36.68	36.25	39.39	38.85	38.06	33.08
473	37.60	37.33	36.58	36.19	39.26	38.71	37.94	33.10
474	37.53	37.22	36.47	36.17	39.14	38.58	37.84	33.15
475	37.47	37.12	36.37	36.11	39.02	38.45	37.73	33.19
476	37.40	37.03	36.27	36.05	38.89	38.33	37.61	33.22
477	37.33	36.92	36.16	35.98	38.77	38.21	37.50	33.24
478	37.26	36.83	36.07	35.92	38.66	38.10	37.39	33.26
479	37.20	36.74	35.97	35.85	38.54	37.99	37.27	33.27
480	37.13	36.66	35.89	35.79	38.42	37.88	37.17	33.28
481	37.06	36.57	35.80	35.72	38.31	37.77	37.06	33.29
482	36.99	36.49	35.71	35.65	38.20	37.67	36.97	33.29
483	36.93	36.42	35.64	35.58	38.09	37.57	36.87	33.30
484	36.87	36.35	35.56	35.50	37.99	37.48	36.77	33.29
485	36.80	36.28	35.48	35.41	37.89	37.38	36.67	33.27
486	36.74	36.21	35.41	35.35	37.78	37.29	36.60	33.27
487	36.68	36.14	35.35	35.30	37.68	37.21	36.52	33.27
488	36.61	36.08	35.29	35.24	37.58	37.12	36.44	33.27
489	36.55	36.02	35.24	35.18	37.49	37.05	36.36	33.27
490	36.49	35.97	35.18	35.11	37.39	36.96	36.29	33.26
491	36.43	35.91	35.12	35.05	37.31	36.88	36.22	33.26
492	36.37	35.85	35.07	34.99	37.22	36.81	36.14	33.25
493	36.31	35.80	35.02	34.94	37.13	36.73	36.07	33.25
494	36.25	35.75	34.97	34.88	37.04	36.66	36.01	33.24
495	36.20	35.70	34.92	34.82	36.96	36.59	35.95	33.23
496	36.14	35.65	34.87	34.77	36.87	36.52	35.89	33.22
497	36.08	35.60	34.83	34.72	36.80	36.46	35.83	33.21
498	36.03	35.55	34.79	34.67	36.72	36.40	35.77	33.20
499	35.97	35.50	34.75	34.62	36.64	36.33	35.71	33.19
500	35.92	35.46	34.71	34.57	36.57	36.27	35.66	33.18
501	35.87	35.42	34.67	34.51	36.50	36.21	35.61	33.17
502	35.82	35.38	34.64	34.47	36.43	36.16	35.56	33.16
503	35.76	35.35	34.61	34.43	36.36	36.14	35.51	33.14
504	35.71	35.40	34.71	34.38	36.30	36.29	35.47	33.12
505	35.67	35.54	34.89	34.34	36.26	36.56	35.45	33.11
506	35.63	35.72	35.13	34.30	36.27	36.86	35.46	33.09
507	35.60	35.94	35.39	34.28	36.31	37.18	35.51	33.08
508	35.58	36.17	35.67	34.27	36.39	37.48	35.59	33.06
509	35.59	36.41	35.93	34.28	36.48	37.76	35.69	33.05
510	35.60	36.63	36.20	34.30	36.58	38.03	35.81	33.04
511	35.62	36.85	36.46	34.34	36.69	38.29	35.94	33.03
512	35.66	37.06	36.69	34.39	36.82	38.52	36.08	33.01
513	35.71	37.26	36.93	34.45	36.95	38.75	36.23	32.99
514	35.76	37.46	37.15	34.50	37.08	38.96	36.39	32.99
515	35.82	37.64	37.36	34.57	37.22	39.16	36.54	32.97
516	35.88	37.81	37.56	34.64	37.35	39.35	36.70	32.96
517	35.95	37.98	37.75	34.71	37.50	39.53	36.86	32.95
518	36.02	38.13	37.92	34.79	37.63	39.70	37.02	32.93
519	36.09	38.28	38.09	34.86	37.77	39.87	37.17	32.92
520	36.16	38.43	38.25	34.94	37.91	40.03	37.32	32.91
521	36.23	38.56	38.40	35.02	38.05	40.17	37.47	32.90
522	36.31	38.69	38.54	35.10	38.19	40.32	37.61	32.90
523	36.39	38.82	38.68	35.18	38.32	40.46	37.76	32.89
524	36.46	38.94	38.81	35.26	38.46	40.59	37.89	32.90
525	36.54	39.05	38.93	35.34	38.59	40.72	38.02	32.89
526	36.61	39.15	39.05	35.43	38.72	40.85	38.16	32.89
527	36.69	39.26	39.16	35.51	38.84	40.97	38.28	32.89
528	36.77	39.36	39.27	35.59	38.97	41.09	38.41	32.89
529	36.84	39.46	39.37	35.67	39.09	41.20	38.52	32.90
530	36.92	39.55	39.46	35.75	39.21	41.32	38.64	32.90
531	36.99	39.64	39.55	35.82	39.33	41.43	38.75	32.90
532	37.07	39.73	39.64	35.90	39.45	41.52	38.85	32.91
533	37.14	39.81	39.72	35.97	39.56	41.63	38.95	32.91
534	37.22	39.89	39.79	36.04	39.67	41.72	39.05	32.91
535	37.29	39.97	39.88	36.11	39.78	41.82	39.14	32.93
536	37.36	40.04	39.95	36.18	39.88	41.91	39.23	32.93
537	37.43	40.11	40.00	36.22	39.99	42.00	39.31	32.92
538	37.51	40.18	40.00	36.18	40.09	42.09	39.32	32.84
539	37.58	40.25	40.07	36.26	40.19	42.17	39.41	32.84
540	37.64	40.32	40.15	36.35	40.28	42.25	39.50	32.87
541	37.71	40.38	40.23	36.44	40.38	42.32	39.60	32.91
542	37.78	40.44	40.30	36.53	40.47	42.39	39.69	32.94
543	37.85	40.50	40.36	36.60	40.56	42.47	39.77	32.98
544	37.91	40.55	40.42	36.66	40.64	42.54	39.84	33.00
545	37.98	40.61	40.47	36.73	40.72	42.61	39.92	33.03
546	38.04	40.66	40.53	36.80	40.81	42.67	39.98	33.05
547	38.11	40.71	40.57	36.86	40.89	42.74	40.05	33.07
548	38.17	40.76	40.62	36.93	40.97	42.80	40.11	33.09
549	38.23	40.82	40.67	36.98	41.05	42.86	40.17	33.12
550	38.29	40.87	40.71	37.05	41.12	42.92	40.22	33.14
551	38.35	40.91	40.75	37.11	41.19	42.98	40.28	33.15
552	38.41	40.96	40.80	37.16	41.26	43.04	40.33	33.17
553	38.47	40.99	40.81	37.22	41.33	43.05	40.38	33.20
554	38.53	40.93	40.71	37.28	41.39	42.89	40.42	33.22
555	38.58	40.79	40.50	37.32	41.41	42.62	40.42	33.22
556	38.63	40.61	40.27	37.36	41.40	42.32	40.41	33.24
557	38.66	40.39	40.01	37.40	41.36	42.03	40.37	33.26
558	38.68	40.16	39.74	37.40	41.30	41.74	40.30	33.29
559	38.67	39.93	39.48	37.40	41.21	41.48	40.21	33.32
560	38.67	39.71	39.22	37.38	41.11	41.22	40.10	33.34
561	38.64	39.50	38.97	37.35	41.01	40.99	39.98	33.36
562	38.61	39.29	38.73	37.30	40.89	40.76	39.84	33.37
563	38.57	39.10	38.50	37.25	40.77	40.54	39.70	33.39
564	38.52	38.90	38.28	37.19	40.65	40.34	39.55	33.41
565	38.47	38.73	38.08	37.13	40.52	40.15	39.41	33.42
566	38.41	38.56	37.89	37.06	40.39	39.96	39.25	33.43
567	38.35	38.40	37.70	36.98	40.26	39.79	39.10	33.44
568	38.29	38.25	37.52	36.89	40.13	39.62	38.95	33.45
569	38.22	38.11	37.37	36.82	40.00	39.46	38.81	33.47
570	38.15	37.97	37.22	36.75	39.87	39.30	38.66	33.50
571	38.09	37.84	37.08	36.68	39.73	39.16	38.52	33.51
572	38.02	37.71	36.94	36.60	39.61	39.01	38.38	33.52
573	37.95	37.60	36.81	36.53	39.48	38.88	38.24	33.54
574	37.87	37.49	36.69	36.46	39.35	38.75	38.11	33.55
575	37.81	37.38	36.57	36.38	39.23	38.62	37.99	33.56
576	37.73	37.28	36.46	36.31	39.10	38.50	37.87	33.57
577	37.67	37.18	36.36	36.23	38.98	38.37	37.74	33.57
578	37.59	37.09	36.26	36.16	38.86	38.26	37.63	33.58
579	37.52	37.00	36.16	36.08	38.74	38.15	37.51	33.59
580	37.45	36.91	36.07	36.01	38.63	38.05	37.40	33.59
581	37.38	36.84	35.99	35.94	38.51	37.94	37.30	33.59
582	37.31	36.75	35.91	35.87	38.40	37.84	37.20	33.59
583	37.25	36.67	35.83	35.80	38.29	37.74	37.10	33.59
584	37.18	36.60	35.76	35.74	38.19	37.65	37.01	33.59
585	37.11	36.53	35.69	35.67	38.09	37.56	36.92	33.58
586	37.05	36.46	35.62	35.60	37.98	37.47	36.83	33.58
587	36.98	36.40	35.56	35.54	37.88	37.38	36.74	33.58
588	36.91	36.34	35.50	35.48	37.78	37.30	36.66	33.57
589	36.85	36.27	35.43	35.41	37.68	37.22	36.58	33.56
590	36.79	36.22	35.38	35.35	37.59	37.14	36.50	33.56
591	36.73	36.17	35.33	35.29	37.49	37.06	36.42	33.54
592	36.67	36.10	35.28	35.23	37.41	36.98	36.36	33.53
593	36.60	36.05	35.23	35.17	37.32	36.91	36.29	33.52
594	36.54	36.00	35.18	35.11	37.24	36.84	36.22	33.52
595	36.48	35.95	35.13	35.05	37.15	36.77	36.16	33.50
596	36.42	35.90	35.08	35.00	37.07	36.71	36.10	33.49
597	36.37	35.85	35.04	34.94	36.99	36.64	36.04	33.47
598	36.31	35.80	35.00	34.89	36.91	36.58	35.98	33.47
599	36.26	35.76	34.96	34.84	36.84	36.51	35.92	33.45
600	36.20	35.71	34.92	34.79	36.77	36.46	35.87	33.44
601	36.15	35.67	34.88	34.74	36.69	36.40	35.82	33.43
602	36.09	35.62	34.84	34.69	36.62	36.34	35.77	33.41
603	36.04	35.59	34.82	34.64	36.55	36.30	35.71	33.40
604	35.99	35.63	34.89	34.59	36.49	36.44	35.68	33.39
605	35.94	35.75	35.07	34.55	36.45	36.70	35.66	33.37
606	35.90	35.93	35.30	34.51	36.45	37.00	35.66	33.36
607	35.86	36.15	35.57	34.49	36.50	37.31	35.70	33.34
608	35.85	36.38	35.83	34.47	36.56	37.62	35.77	33.31
609	35.85	36.61	36.10	34.47	36.66	37.91	35.87	33.29
610	35.86	36.84	36.36	34.49	36.76	38.18	35.98	33.27
611	35.89	37.07	36.61	34.51	36.88	38.44	36.11	33.25
612	35.92	37.27	36.87	34.56	37.00	38.68	36.25	33.24
613	35.96	37.48	37.11	34.62	37.13	38.90	36.41	33.23
614	36.02	37.67	37.33	34.67	37.26	39.12	36.57	33.22
615	36.07	37.86	37.54	34.74	37.39	39.32	36.72	33.21
616	36.13	38.04	37.74	34.81	37.54	39.51	36.88	33.19
617	36.20	38.20	37.93	34.88	37.67	39.69	37.04	33.18
618	36.27	38.36	38.11	34.96	37.81	39.87	37.20	33.18
619	36.34	38.52	38.29	35.04	37.95	40.03	37.36	33.17
620	36.41	38.66	38.45	35.11	38.09	40.19	37.51	33.16
621	36.48	38.80	38.60	35.20	38.22	40.34	37.66	33.15
622	36.55	38.93	38.74	35.27	38.36	40.49	37.81	33.13
623	36.63	39.05	38.88	35.35	38.49	40.63	37.95	33.13
624	36.70	39.17	39.01	35.43	38.62	40.77	38.09	33.13
625	36.78	39.29	39.13	35.52	38.76	40.90	38.23	33.12
626	36.86	39.39	39.25	35.60	38.89	41.02	38.35	33.12
627	36.94	39.50	39.36	35.68	39.02	41.15	38.48	33.12
628	37.01	39.60	39.46	35.74	39.14	41.26	38.59	33.11
629	37.08	39.69	39.54	35.79	39.26	41.38	38.70	33.09
630	37.16	39.79	39.61	35.83	39.39	41.49	38.78	33.05
631	37.24	39.88	39.71	35.92	39.51	41.60	38.90	33.06
632	37.31	39.96	39.81	36.00	39.62	41.70	39.01	33.07
633	37.38	40.04	39.89	36.07	39.73	41.80	39.12	33.08
634	37.46	40.12	39.97	36.16	39.84	41.89	39.23	33.09
635	37.53	40.20	40.05	36.23	39.95	41.99	39.32	33.11
636	37.60	40.26	40.13	36.31	40.06	42.07	39.42	33.12
637	37.68	40.33	40.21	36.39	40.16	42.15	39.51	33.14
638	37.74	40.41	40.27	36.46	40.26	42.24	39.60	33.15
639	37.82	40.47	40.33	36.53	40.36	42.32	39.68	33.16
640	37.88	40.53	40.38	36.58	40.45	42.40	39.76	33.17
641	37.95	40.59	40.43	36.64	40.54	42.48	39.82	33.17
642	38.01	40.65	40.49	36.71	40.64	42.55	39.90	33.19
643	38.08	40.71	40.55	36.78	40.73	42.63	39.98	33.21
644	38.14	40.77	40.60	36.84	40.81	42.70	40.05	33.23
645	38.21	40.82	40.66	36.91	40.90	42.77	40.11	33.24
646	38.27	40.87	40.70	36.98	40.99	42.83	40.18	33.27
647	38.33	40.93	40.76	37.03	41.06	42.90	40.24	33.29
648	38.39	40.98	40.80	37.08	41.14	42.96	40.30	33.29
649	38.46	41.03	40.83	37.13	41.21	43.02	40.35	33.31
650	38.52	41.08	40.87	37.18	41.29	43.08	40.40	33.32
651	38.57	41.12	40.91	37.23	41.36	43.14	40.45	33.33
652	38.63	41.17	40.96	37.29	41.43	43.19	40.50	33.35
653	38.69	41.20	40.98	37.35	41.50	43.22	40.55	33.37
654	38.74	41.16	40.91	37.40	41.56	43.09	40.60	33.40
655	38.80	41.04	40.73	37.45	41.60	42.85	40.63	33.42
656	38.84	40.85	40.49	37.50	41.60	42.56	40.62	33.44
657	38.88	40.64	40.23	37.53	41.57	42.27	40.58	33.46
658	38.89	40.41	39.96	37.54	41.50	41.98	40.52	33.48
659	38.90	40.18	39.70	37.54	41.43	41.71	40.42	33.50
660	38.90	39.96	39.43	37.52	41.33	41.46	40.32	33.52
661	38.87	39.74	39.18	37.49	41.23	41.21	40.20	33.54
662	38.84	39.54	38.94	37.45	41.11	40.99	40.07	33.56
663	38.80	39.34	38.71	37.41	41.00	40.77	39.93	33.57
664	38.75	39.15	38.50	37.36	40.87	40.57	39.78	33.60
665	38.70	38.97	38.29	37.30	40.75	40.38	39.63	33.61
666	38.64	38.80	38.09	37.23	40.62	40.20	39.48	33.63
667	38.58	38.64	37.92	37.17	40.49	40.02	39.33	33.65
668	38.51	38.49	37.75	37.10	40.36	39.85	39.18	33.67
669	38.45	38.35	37.59	37.03	40.23	39.69	39.03	33.68
670	38.38	38.21	37.43	36.96	40.10	39.54	38.89	33.70
671	38.31	38.08	37.29	36.88	39.97	39.40	38.75	33.71
672	38.25	37.96	37.15	36.81	39.84	39.26	38.61	33.72
673	38.18	37.85	37.03	36.74	39.71	39.12	38.47	33.73
674	38.11	37.74	36.91	36.66	39.59	38.99	38.34	33.74
675	38.04	37.63	36.79	36.59	39.46	38.87	38.21	33.75
676	37.97	37.52	36.68	36.52	39.34	38.74	38.09	33.76
677	37.90	37.43	36.58	36.45	39.22	38.62	37.97	33.76
678	37.83	37.34	36.49	36.38	39.10	38.51	37.85	33.77
679	37.76	37.25	36.40	36.30	38.98	38.40	37.74	33.78
680	37.69	37.17	36.31	36.24	38.87	38.29	37.63	33.78
681	37.62	37.09	36.23	36.17	38.76	38.19	37.53	33.78
682	37.55	37.00	36.15	36.09	38.65	38.09	37.42	33.78
683	37.48	36.93	36.07	36.03	38.54	37.99	37.33	33.78
684	37.41	36.86	36.00	35.97	38.43	37.90	37.23	33.77
685	37.34	36.79	35.93	35.90	38.33	37.81	37.14	33.78
686	37.28	36.73	35.87	35.84	38.22	37.73	37.06	33.76
687	37.22	36.66	35.81	35.77	38.13	37.64	36.97	33.77
688	37.15	36.59	35.74	35.71	38.03	37.56	36.90	33.76
689	37.09	36.54	35.69	35.65	37.93	37.48	36.82	33.75
690	37.03	36.48	35.63	35.59	37.85	37.40	36.74	33.75
691	36.97	36.42	35.59	35.54	37.75	37.33	36.67	33.74
692	36.90	36.36	35.54	35.48	37.65	37.24	36.60	33.73
693	36.84	36.31	35.48	35.41	37.57	37.17	36.53	33.72
694	36.78	36.25	35.44	35.37	37.49	37.10	36.47	33.72
695	36.72	36.21	35.39	35.31	37.40	37.04	36.40	33.70
696	36.66	36.16	35.35	35.26	37.33	36.97	36.34	33.69
697	36.61	36.11	35.31	35.20	37.25	36.91	36.28	33.68
698	36.55	36.07	35.27	35.15	37.17	36.84	36.23	33.67
699	36.49	36.02	35.23	35.10	37.10	36.79	36.17	33.66
700	36.43	35.97	35.19	35.05	37.02	36.73	36.12	33.64
701	36.39	35.93	35.15	35.01	36.96	36.67	36.07	33.63
702	36.33	35.90	35.12	34.96	36.89	36.61	36.02	33.62
703	36.28	35.85	35.08	34.91	36.82	36.57	35.97	33.61
704	36.23	35.86	35.13	34.87	36.76	36.66	35.93	33.59
705	36.18	35.97	35.29	34.82	36.72	36.90	35.90	33.58
706	36.14	36.14	35.52	34.79	36.71	37.20	35.91	33.56
707	36.10	36.35	35.77	34.76	36.74	37.51	35.94	33.55
708	36.08	36.58	36.04	34.75	36.81	37.82	36.01	33.54
709	36.08	36.81	36.31	34.76	36.89	38.12	36.10	33.53
710	36.09	37.04	36.58	34.78	37.00	38.39	36.21	33.51
711	36.11	37.27	36.84	34.81	37.10	38.65	36.35	33.50
712	36.14	37.48	37.10	34.86	37.23	38.90	36.49	33.49
713	36.19	37.69	37.34	34.90	37.36	39.13	36.63	33.47
714	36.23	37.88	37.57	34.96	37.49	39.35	36.79	33.46
715	36.29	38.07	37.78	35.03	37.62	39.55	36.95	33.45
716	36.36	38.25	37.99	35.10	37.76	39.75	37.11	33.44
717	36.42	38.43	38.18	35.18	37.91	39.93	37.27	33.43
718	36.48	38.59	38.37	35.26	38.05	40.11	37.43	33.42
719	36.55	38.75	38.55	35.33	38.19	40.28	37.59	33.41
720	36.62	38.89	38.71	35.42	38.33	40.45	37.74	33.40
721	36.70	39.03	38.87	35.50	38.47	40.60	37.89	33.39
722	36.78	39.17	39.01	35.58	38.61	40.75	38.05	33.39
723	36.85	39.29	39.15	35.67	38.74	40.90	38.19	33.38
724	36.93	39.41	39.29	35.75	38.87	41.04	38.33	33.38
725	37.00	39.53	39.42	35.83	39.01	41.17	38.47	33.38
726	37.08	39.64	39.54	35.92	39.15	41.30	38.60	33.38
727	37.16	39.75	39.65	36.00	39.28	41.43	38.74	33.38
728	37.23	39.85	39.76	36.09	39.40	41.55	38.86	33.38
729	37.32	39.95	39.87	36.17	39.53	41.67	38.98	33.39
730	37.39	40.04	39.97	36.25	39.65	41.78	39.10	33.39
731	37.47	40.14	40.06	36.33	39.77	41.89	39.21	33.39
732	37.54	40.22	40.15	36.41	39.89	42.00	39.32	33.39
733	37.62	40.31	40.24	36.49	40.01	42.10	39.43	33.41
734	37.69	40.39	40.33	36.56	40.12	42.20	39.53	33.42
735	37.76	40.47	40.41	36.65	40.23	42.30	39.63	33.43
736	37.84	40.54	40.48	36.72	40.34	42.40	39.73	33.44
737	37.91	40.62	40.56	36.79	40.45	42.49	39.82	33.45
738	37.98	40.69	40.63	36.87	40.55	42.58	39.91	33.46
739	38.06	40.76	40.69	36.94	40.65	42.66	39.99	33.48
740	38.12	40.83	40.76	37.01	40.75	42.75	40.07	33.49
741	38.19	40.89	40.82	37.09	40.85	42.83	40.16	33.51
742	38.27	40.95	40.89	37.15	40.95	42.91	40.24	33.52
743	38.33	41.02	40.95	37.22	41.04	42.99	40.31	33.54
744	38.40	41.08	41.01	37.29	41.13	43.06	40.38	33.56
745	38.47	41.14	41.06	37.35	41.22	43.13	40.45	33.58
746	38.53	41.19	41.12	37.42	41.30	43.20	40.52	33.60
747	38.60	41.25	41.17	37.49	41.39	43.27	40.58	33.62
748	38.66	41.30	41.22	37.55	41.47	43.34	40.65	33.64
749	38.72	41.35	41.27	37.61	41.55	43.41	40.71	33.66
750	38.78	41.41	41.31	37.67	41.64	43.47	40.77	33.68
751	38.85	41.46	41.36	37.73	41.71	43.53	40.82	33.71
752	38.91	41.51	41.41	37.79	41.78	43.59	40.88	33.73
753	38.96	41.55	41.45	37.85	41.86	43.64	40.94	33.75
754	39.02	41.54	41.40	37.91	41.93	43.56	40.99	33.77
755	39.08	41.43	41.24	37.96	41.97	43.34	41.02	33.79
756	39.13	41.26	41.02	38.01	41.99	43.06	41.02	33.81
757	39.17	41.05	40.77	38.04	41.95	42.77	40.99	33.84
758	39.20	40.84	40.51	38.06	41.89	42.48	40.93	33.86
759	39.20	40.62	40.25	38.07	41.83	42.21	40.85	33.88
760	39.20	40.40	39.99	38.06	41.74	41.96	40.75	33.91
761	39.19	40.18	39.74	38.03	41.64	41.72	40.63	33.93
762	39.16	39.98	39.50	38.00	41.53	41.49	40.51	33.95
763	39.12	39.78	39.28	37.95	41.42	41.27	40.37	33.97
764	39.08	39.60	39.06	37.90	41.30	41.07	40.22	33.99
765	39.03	39.42	38.86	37.85	41.18	40.88	40.08	34.02
766	38.98	39.25	38.67	37.79	41.05	40.70	39.94	34.04
767	38.92	39.09	38.48	37.72	40.92	40.52	39.79	34.06
768	38.86	38.94	38.31	37.65	40.80	40.36	39.64	34.08
769	38.80	38.80	38.15	37.59	40.67	40.20	39.50	34.10
770	38.73	38.66	38.00	37.52	40.54	40.05	39.35	34.11
771	38.66	38.53	37.85	37.44	40.41	39.90	39.21	34.13
772	38.60	38.41	37.72	37.37	40.29	39.76	39.07	34.15
773	38.53	38.29	37.59	37.30	40.16	39.63	38.94	34.16
774	38.46	38.18	37.47	37.23	40.04	39.49	38.81	34.18
775	38.39	38.08	37.36	37.16	39.91	39.37	38.68	34.18
776	38.33	37.98	37.25	37.09	39.79	39.24	38.56	34.20
777	38.26	37.88	37.15	37.01	39.67	39.13	38.44	34.21
778	38.19	37.79	37.05	36.94	39.56	39.01	38.33	34.22
779	38.12	37.70	36.95	36.87	39.44	38.91	38.21	34.22
780	38.06	37.62	36.86	36.80	39.33	38.80	38.10	34.22
781	37.99	37.53	36.78	36.73	39.22	38.70	38.00	34.23
782	37.92	37.46	36.70	36.66	39.11	38.60	37.90	34.24
783	37.86	37.38	36.63	36.59	39.00	38.49	37.81	34.24
784	37.79	37.31	36.55	36.53	38.90	38.40	37.71	34.24
785	37.73	37.24	36.48	36.47	38.79	38.31	37.62	34.24
786	37.66	37.17	36.42	36.40	38.70	38.23	37.54	34.24
787	37.60	37.11	36.35	36.34	38.60	38.14	37.45	34.24
788	37.54	37.05	36.30	36.27	38.50	38.06	37.37	34.23
789	37.48	36.99	36.23	36.21	38.41	37.98	37.29	34.22
790	37.42	36.93	36.18	36.15	38.31	37.90	37.22	34.22
791	37.35	36.87	36.13	36.09	38.22	37.82	37.15	34.22
792	37.29	36.82	36.08	36.03	38.14	37.75	37.08	34.21
793	37.24	36.77	36.03	35.98	38.05	37.68	37.01	34.20
794	37.18	36.71	35.98	35.92	37.97	37.61	36.95	34.19
795	37.13	36.66	35.94	35.87	37.89	37.54	36.88	34.19
796	37.07	36.61	35.88	35.81	37.80	37.48	36.82	34.18
797	37.01	36.57	35.84	35.76	37.73	37.41	36.77	34.18
798	36.95	36.52	35.80	35.71	37.65	37.35	36.71	34.16
799	36.90	36.48	35.76	35.66	37.58	37.29	36.65	34.15
800	36.84	36.43	35.73	35.61	37.50	37.23	36.60	34.14
801	36.79	36.39	35.69	35.56	37.43	37.17	36.55	34.13
802	36.74	36.35	35.66	35.52	37.35	37.12	36.50	34.12
803	36.69	36.30	35.61	35.47	37.29	37.07	36.46	34.11
804	36.64	36.32	35.66	35.42	37.22	37.14	36.42	34.09
805	36.59	36.42	35.81	35.37	37.18	37.37	36.38	34.08
806	36.55	36.59	36.02	35.34	37.17	37.67	36.38	34.07
807	36.51	36.79	36.28	35.31	37.21	37.98	36.42	34.06
808	36.49	37.02	36.54	35.31	37.26	38.29	36.48	34.05
809	36.49	37.25	36.82	35.31	37.34	38.58	36.58	34.03
810	36.50	37.47	37.09	35.33	37.45	38.86	36.69	34.02
811	36.52	37.70	37.35	35.36	37.56	39.12	36.82	34.01
812	36.55	37.91	37.60	35.40	37.68	39.36	36.96	33.99
813	36.59	38.12	37.84	35.46	37.81	39.59	37.11	33.98
814	36.64	38.32	38.06	35.52	37.94	39.81	37.26	33.97
815	36.70	38.51	38.28	35.58	38.08	40.02	37.42	33.96
816	36.76	38.69	38.48	35.65	38.21	40.21	37.58	33.95
817	36.82	38.86	38.68	35.72	38.35	40.40	37.74	33.94
818	36.89	39.02	38.86	35.80	38.49	40.57	37.90	33.93
819	36.96	39.17	39.03	35.88	38.64	40.75	38.06	33.92
820	37.03	39.32	39.20	35.95	38.78	40.90	38.22	33.91
821	37.11	39.46	39.36	36.04	38.91	41.06	38.36	33.91
822	37.18	39.59	39.50	36.11	39.05	41.21	38.52	33.90
823	37.25	39.72	39.64	36.20	39.19	41.35	38.66	33.90
824	37.33	39.84	39.78	36.28	39.32	41.49	38.80	33.90
825	37.41	39.95	39.90	36.36	39.46	41.63	38.94	33.90
826	37.48	40.06	40.02	36.45	39.59	41.76	39.08	33.89
827	37.56	40.17	40.14	36.53	39.72	41.87	39.20	33.89
828	37.64	40.27	40.24	36.61	39.84	41.99	39.33	33.90
829	37.71	40.37	40.35	36.69	39.97	42.11	39.45	33.90
830	37.79	40.46	40.44	36.77	40.09	42.22	39.57	33.90
831	37.86	40.55	40.54	36.85	40.21	42.33	39.68	33.91
832	37.94	40.64	40.63	36.93	40.32	42.44	39.79	33.92
833	38.01	40.72	40.71	37.01	40.44	42.54	39.89	33.93
834	38.09	40.80	40.80	37.09	40.55	42.63	40.00	33.93
835	38.16	40.88	40.88	37.16	40.66	42.73	40.09	33.94
836	38.23	40.95	40.95	37.23	40.77	42.83	40.19	33.95
837	38.31	41.03	41.03	37.30	40.88	42.91	40.28	33.96
838	38.38	41.09	41.09	37.38	40.98	43.00	40.37	33.98
839	38.44	41.16	41.16	37.45	41.08	43.09	40.45	33.99
840	38.51	41.23	41.23	37.51	41.18	43.18	40.53	34.01
841	38.58	41.29	41.29	37.59	41.27	43.25	40.62	34.02
842	38.65	41.36	41.35	37.66	41.36	43.33	40.69	34.05
843	38.72	41.41	41.41	37.72	41.46	43.41	40.76	34.06
844	38.79	41.47	41.46	37.79	41.55	43.48	40.84	34.08
845	38.85	41.53	41.51	37.86	41.64	43.55	40.91	34.10
846	38.91	41.59	41.56	37.92	41.72	43.62	40.97	34.11
847	38.98	41.64	41.62	37.98	41.80	43.69	41.04	34.13
848	39.04	41.69	41.67	38.04	41.89	43.76	41.10	34.15
849	39.10	41.75	41.72	38.10	41.97	43.82	41.16	34.18
850	39.16	41.80	41.76	38.16	42.04	43.88	41.22	34.19
851	39.22	41.85	41.80	38.22	42.12	43.95	41.28	34.21
852	39.28	41.89	41.85	38.28	42.19	44.00	41.33	34.24
853	39.34	41.94	41.89	38.33	42.26	44.07	41.38	34.26
854	39.39	41.97	41.90	38.39	42.34	44.06	41.44	34.28
855	39.45	41.89	41.78	38.44	42.40	43.89	41.48	34.30
856	39.50	41.75	41.59	38.49	42.42	43.62	41.50	34.33
857	39.55	41.56	41.35	38.53	42.41	43.34	41.48	34.35
858	39.58	41.34	41.08	38.55	42.37	43.05	41.44	34.37
859	39.59	41.12	40.81	38.56	42.30	42.77	41.36	34.40
860	39.59	40.89	40.55	38.56	42.22	42.51	41.27	34.42
861	39.58	40.68	40.29	38.53	42.12	42.26	41.16	34.44
862	39.56	40.46	40.04	38.50	42.02	42.02	41.03	34.47
863	39.52	40.26	39.81	38.46	41.90	41.80	40.91	34.49
864	39.48	40.07	39.59	38.41	41.79	41.59	40.76	34.51
865	39.44	39.88	39.37	38.36	41.67	41.39	40.62	34.53
866	39.38	39.71	39.18	38.30	41.54	41.20	40.47	34.55
867	39.32	39.54	38.99	38.23	41.41	41.02	40.32	34.57
868	39.27	39.38	38.81	38.16	41.27	40.84	40.17	34.58
869	39.20	39.24	38.64	38.10	41.14	40.68	40.02	34.60
870	39.14	39.10	38.49	38.02	41.01	40.52	39.88	34.62
871	39.07	38.97	38.33	37.94	40.89	40.37	39.73	34.64
872	39.01	38.84	38.17	37.86	40.76	40.23	39.58	34.64
873	38.94	38.73	38.04	37.79	40.63	40.09	39.44	34.66
874	38.87	38.61	37.93	37.72	40.50	39.96	39.32	34.67
875	38.80	38.50	37.81	37.65	40.38	39.83	39.19	34.68
876	38.73	38.39	37.71	37.58	40.26	39.70	39.07	34.69
877	38.66	38.30	37.60	37.50	40.14	39.58	38.94	34.71
878	38.59	38.20	37.50	37.43	40.02	39.47	38.83	34.71
879	38.53	38.11	37.41	37.36	39.90	39.36	38.71	34.72
880	38.46	38.02	37.32	37.28	39.78	39.24	38.60	34.73
881	38.39	37.94	37.23	37.22	39.67	39.14	38.50	34.74
882	38.32	37.86	37.15	37.15	39.56	39.04	38.39	34.74
883	38.25	37.79	37.07	37.08	39.45	38.94	38.30	34.74
884	38.19	37.71	36.99	37.01	39.35	38.86	38.20	34.74
885	38.12	37.64	36.92	36.94	39.24	38.75	38.11	34.74
886	38.06	37.57	36.85	36.87	39.14	38.66	38.02	34.74
887	37.99	37.51	36.79	36.81	39.03	38.57	37.94	34.73
888	37.93	37.44	36.72	36.75	38.94	38.49	37.85	34.73
889	37.86	37.38	36.66	36.68	38.84	38.41	37.77	34.73
890	37.80	37.32	36.61	36.62	38.75	38.33	37.70	34.72
891	37.74	37.26	36.55	36.56	38.66	38.25	37.62	34.72
892	37.68	37.20	36.50	36.50	38.57	38.17	37.55	34.71
893	37.62	37.15	36.45	36.44	38.48	38.10	37.48	34.70
894	37.55	37.10	36.40	36.38	38.39	38.03	37.41	34.69
895	37.50	37.05	36.35	36.32	38.31	37.95	37.35	34.69
896	37.44	36.99	36.30	36.27	38.23	37.89	37.29	34.68
897	37.38	36.95	36.26	36.22	38.15	37.82	37.23	34.67
898	37.33	36.90	36.21	36.16	38.06	37.76	37.17	34.66
899	37.27	36.85	36.17	36.10	37.99	37.70	37.11	34.65
900	37.22	36.81	36.13	36.05	37.92	37.63	37.06	34.64
901	37.16	36.76	36.09	36.00	37.84	37.57	37.01	34.62
902	37.11	36.72	36.05	35.95	37.77	37.52	36.96	34.61
903	37.06	36.68	36.01	35.90	37.70	37.47	36.91	34.60
904	37.00	36.67	36.04	35.85	37.63	37.52	36.86	34.58
905	36.95	36.76	36.18	35.81	37.59	37.74	36.83	34.57
906	36.91	36.93	36.39	35.77	37.57	38.03	36.82	34.56
907	36.88	37.14	36.65	35.74	37.60	38.34	36.85	34.54
908	36.85	37.36	36.91	35.72	37.65	38.65	36.91	34.53
909	36.84	37.58	37.18	35.73	37.74	38.94	37.00	34.52
910	36.86	37.82	37.45	35.74	37.83	39.22	37.11	34.50
911	36.87	38.04	37.72	35.77	37.94	39.49	37.23	34.49
912	36.90	38.26	37.96	35.81	38.06	39.73	37.37	34.47
913	36.95	38.47	38.20	35.86	38.19	39.96	37.52	34.46
914	36.99	38.66	38.43	35.91	38.32	40.18	37.67	34.45
915	37.05	38.85	38.65	35.98	38.45	40.38	37.83	34.44
916	37.11	39.04	38.85	36.05	38.59	40.58	37.99	34.42
917	37.17	39.20	39.05	36.12	38.72	40.76	38.14	34.41
918	37.23	39.37	39.24	36.19	38.87	40.94	38.30	34.40
919	37.31	39.53	39.41	36.27	39.01	41.11	38.46	34.40
920	37.38	39.67	39.57	36.36	39.15	41.27	38.62	34.39
921	37.45	39.81	39.73	36.43	39.28	41.43	38.77	34.37
922	37.53	39.94	39.88	36.51	39.42	41.58	38.91	34.37
923	37.60	40.07	40.02	36.60	39.56	41.72	39.06	34.36
924	37.68	40.19	40.15	36.67	39.69	41.86	39.21	34.36
925	37.75	40.31	40.28	36.75	39.82	41.99	39.34	34.36
926	37.83	40.42	40.39	36.84	39.95	42.12	39.47	34.36
927	37.91	40.52	40.51	36.92	40.08	42.25	39.60	34.35
928	37.98	40.63	40.62	37.00	40.21	42.37	39.72	34.36
929	38.06	40.72	40.72	37.08	40.33	42.48	39.84	34.36
930	38.14	40.82	40.82	37.16	40.45	42.59	39.96	34.37
931	38.22	40.91	40.92	37.24	40.57	42.70	40.07	34.37
932	38.28	41.00	41.01	37.32	40.69	42.80	40.18	34.37
933	38.37	41.09	41.09	37.39	40.80	42.91	40.28	34.38
934	38.44	41.16	41.18	37.47	40.91	43.01	40.39	34.39
935	38.51	41.24	41.26	37.54	41.02	43.10	40.48	34.40
936	38.59	41.32	41.34	37.62	41.13	43.20	40.58	34.41
937	38.66	41.39	41.41	37.70	41.24	43.29	40.67	34.42
938	38.73	41.46	41.47	37.76	41.34	43.38	40.76	34.43
939	38.80	41.53	41.54	37.83	41.44	43.46	40.85	34.45
940	38.87	41.60	41.61	37.91	41.53	43.54	40.92	34.46
941	38.94	41.66	41.67	37.98	41.63	43.62	41.01	34.48
942	39.02	41.73	41.73	38.05	41.72	43.70	41.08	34.49
943	39.08	41.78	41.79	38.11	41.81	43.78	41.15	34.50
944	39.15	41.84	41.85	38.17	41.90	43.85	41.23	34.52
945	39.21	41.90	41.90	38.24	41.98	43.92	41.29	34.54
946	39.28	41.96	41.95	38.30	42.07	43.99	41.36	34.56
947	39.34	42.01	42.00	38.36	42.16	44.05	41.43	34.58
948	39.41	42.06	42.05	38.43	42.23	44.12	41.49	34.60
949	39.47	42.11	42.09	38.48	42.31	44.18	41.55	34.62
950	39.53	42.17	42.14	38.54	42.40	44.24	41.60	34.64
951	39.59	42.22	42.18	38.60	42.47	44.30	41.66	34.66
952	39.65	42.26	42.23	38.66	42.55	44.36	41.71	34.68
953	39.71	42.31	42.26	38.72	42.61	44.41	41.76	34.69
954	39.77	42.32	42.25	38.77	42.68	44.38	41.81	34.72
955	39.82	42.24	42.13	38.82	42.73	44.19	41.85	34.74
956	39.88	42.09	41.92	38.86	42.77	43.93	41.86	34.75
957	39.92	41.89	41.68	38.90	42.74	43.64	41.85	34.78
958	39.94	41.68	41.42	38.92	42.69	43.36	41.80	34.80
959	39.96	41.45	41.15	38.93	42.63	43.08	41.72	34.83
960	39.95	41.23	40.89	38.92	42.54	42.82	41.63	34.85
961	39.95	41.02	40.64	38.90	42.44	42.57	41.52	34.87
962	39.92	40.81	40.40	38.87	42.34	42.33	41.39	34.89
963	39.89	40.61	40.17	38.83	42.22	42.12	41.26	34.92
964	39.84	40.42	39.95	38.78	42.10	41.91	41.12	34.94
965	39.80	40.24	39.74	38.72	41.98	41.72	40.98	34.96
966	39.74	40.07	39.55	38.66	41.86	41.53	40.83	34.97
967	39.69	39.91	39.36	38.59	41.73	41.36	40.69	34.99
968	39.63	39.76	39.19	38.53	41.61	41.19	40.54	35.01
969	39.57	39.61	39.02	38.46	41.48	41.03	40.39	35.03
970	39.50	39.47	38.86	38.39	41.35	40.87	40.25	35.05
971	39.44	39.34	38.72	38.32	41.22	40.72	40.11	35.06
972	39.37	39.22	38.58	38.24	41.09	40.58	39.97	35.07
973	39.30	39.10	38.45	38.17	40.97	40.44	39.83	35.09
974	39.23	38.98	38.32	38.09	40.84	40.31	39.70	35.10
975	39.16	38.87	38.20	38.02	40.71	40.18	39.57	35.11
976	39.10	38.77	38.09	37.95	40.60	40.06	39.45	35.13
977	39.03	38.68	37.99	37.87	40.47	39.94	39.33	35.13
978	38.96	38.58	37.89	37.80	40.36	39.82	39.21	35.14
979	38.89	38.49	37.79	37.73	40.24	39.71	39.10	35.15
980	38.82	38.40	37.70	37.66	40.13	39.61	38.99	35.15
981	38.75	38.32	37.61	37.59	40.01	39.50	38.88	35.15
982	38.68	38.24	37.53	37.52	39.91	39.40	38.78	35.15
983	38.62	38.16	37.46	37.45	39.79	39.30	38.69	35.15
984	38.55	38.09	37.38	37.38	39.68	39.20	38.59	35.16
985	38.48	38.02	37.31	37.31	39.58	39.11	38.50	35.16
986	38.42	37.95	37.24	37.25	39.48	39.02	38.41	35.15
987	38.36	37.88	37.17	37.18	39.38	38.93	38.32	35.15
988	38.29	37.82	37.11	37.12	39.28	38.85	38.24	35.15
989	38.23	37.76	37.05	37.06	39.19	38.76	38.16	35.14
990	38.17	37.70	36.99	36.99	39.09	38.69	38.08	35.13
991	38.10	37.64	36.93	36.94	39.00	38.60	38.01	35.13
992	38.05	37.58	36.88	36.87	38.91	38.53	37.94	35.12
993	37.98	37.52	36.83	36.82	38.82	38.45	37.87	35.11
994	37.93	37.47	36.78	36.76	38.74	38.39	37.80	35.10
995	37.86	37.42	36.73	36.70	38.66	38.31	37.74	35.09
996	37.81	37.37	36.69	36.64	38.57	38.24	37.67	35.09
997	37.75	37.32	36.64	36.58	38.49	38.18	37.61	35.08
998	37.69	37.27	36.60	36.54	38.41	38.12	37.56	35.07
999	37.64	37.22	36.56	36.48	38.34	38.05	37.50	35.05
1000	37.58	37.18	36.51	36.43	38.26	37.99	37.45	35.04
1001	37.53	37.14	36.47	36.38	38.19	37.93	37.39	35.03
1002	37.48	37.10	36.44	36.33	38.12	37.88	37.34	35.02
