19.25 0.024
19.4 0.035
19.55 0.054
19.7 0.085
19.85 0.12
20 0.15
20.15 0.16
20.3 0.149
20.45 0.125
20.6 0.107
20.75 0.123
20.9 0.19
21.05 0.29
21.2 0.35
21.35 0.421
21.5 0.402
21.65 0.318
21.8 0.23
21.95 0.183
22.1 0.22
22.25 0.32
22.4 0.442
22.55 0.515
22.7 0.56
22.85 0.518
23.0 0.407
23.15 0.28
23.3 0.2
23.45 0.191
23.6 0.245
23.75 0.318
23.9 0.363
24.05 0.359
24.2 0.298
24.35 0.212
24.5 0.13
24.65 0.085
24.8 0.075
24.95 0.095
25.1 0.115
25.25 0.121
25.4 0.108
25.55 0.082
25.7 0.07
25.85 0.055
26 0.035