#Strom in mu A, Position in mm
0.0165 30.3
0.0225 29.8
0.0270 29.3
0.031 28.8
0.034 28.3
0.028 27.8
0.023 27.3
0.028 26.8
0.046 26.3
0.13 25.8
0.15 25.7
0.16 25.6
0.205 25.5
0.225 25.4
0.265 25.2
0.27 25.1
0.28 25
0.24 24.8
0.22 24.7
0.2 24.6
0.157 24.5
0.155 24.4
0.15 24.3
0.145 24.2
0.16 24.1
0.2 24
0.32 23.8
0.52 23.6
0.72 23.4
0.9 23.2
1.02 23
1.01 22.8
0.89 22.6
0.7 22.4
0.46 22.2
0.28 22
0.155 21.8 
0.11 21.6
0.185 21.4
0.2 21.2 
0.26 21
0.3 20.8
0.3 20.6
0.26 20.4
0.2 20.2
0.13 20
0.028 19.5
0.0125 19
0.016 18.5
0.025 18
0.034 18
0.043 17.8
0.048 17.6
0.047 17.4
0.041 17.2
0.031 17 
0.021 16.8
0.014 16.6
0.0106 16.4
0.01 16.2